,0
,0.33445
,0.6689
,1.0033
,1.3378
,1.6722
,2.0067
,2.3411
,2.6756
,3.01
,3.3445
,3.6789
,4.0134
,4.3478
,4.6823
,5.0167
,5.3512
,5.6856
,6.0201
,6.3545
,6.689
,7.0234
,7.3579
,7.6923
,8.0268
,8.3612
,8.6957
,9.0301
,9.3645
,9.699
,10.033
,10.368
,10.702
,11.037
,11.371
,11.706
,12.04
,12.375
,12.709
,13.043
,13.378
,13.712
,14.047
,14.381
,14.716
,15.05
,15.385
,15.719
,16.054
,16.388
,16.722
,17.057
,17.391
,17.726
,18.06
,18.395
,18.729
,19.064
,19.398
,19.732
,20.067
,20.401
,20.736
,21.07
,21.405
,21.739
,22.074
,22.408
,22.742
,23.077
,23.411
,23.746
,24.08
,24.415
,24.749
,25.084
,25.418
,25.753
,26.087
,26.421
,26.756
,27.09
,27.425
,27.759
,28.094
,28.428
,28.763
,29.097
,29.431
,29.766
,30.1
,30.435
,30.769
,31.104
,31.438
,31.773
,32.107
,32.441
,32.776
,33.11
,33.445
,33.779
,34.114
,34.448
,34.783
,35.117
,35.452
,35.786
,36.12
,36.455
,36.789
,37.124
,37.458
,37.793
,38.127
,38.462
,38.796
,39.13
,39.465
,39.799
,40.134
,40.468
,40.803
,41.137
,41.472
,41.806
,42.14
,42.475
,42.809
,43.144
,43.478
,43.813
,44.147
,44.482
,44.816
,45.151
,45.485
,45.819
,46.154
,46.488
,46.823
,47.157
,47.492
,47.826
,48.161
,48.495
,48.829
,49.164
,49.498
,49.833
,50.167
,50.502
,50.836
,51.171
,51.505
,51.839
,52.174
,52.508
,52.843
,53.177
,53.512
,53.846
,54.181
,54.515
,54.849
,55.184
,55.518
,55.853
,56.187
,56.522
,56.856
,57.191
,57.525
,57.86
,58.194
,58.528
,58.863
,59.197
,59.532
,59.866
,60.201
,60.535
,60.87
,61.204
,61.538
,61.873
,62.207
,62.542
,62.876
,63.211
,63.545
,63.88
,64.214
,64.548
,64.883
,65.217
,65.552
,65.886
,66.221
,66.555
,66.89
,67.224
,67.559
,67.893
,68.227
,68.562
,68.896
,69.231
,69.565
,69.9
,70.234
,70.569
,70.903
,71.237
,71.572
,71.906
,72.241
,72.575
,72.91
,73.244
,73.579
,73.913
,74.247
,74.582
,74.916
,75.251
,75.585
,75.92
,76.254
,76.589
,76.923
,77.258
,77.592
,77.926
,78.261
,78.595
,78.93
,79.264
,79.599
,79.933
,80.268
,80.602
,80.936
,81.271
,81.605
,81.94
,82.274
,82.609
,82.943
,83.278
,83.612
,83.946
,84.281
,84.615
,84.95
,85.284
,85.619
,85.953
,86.288
,86.622
,86.957
,87.291
,87.625
,87.96
,88.294
,88.629
,88.963
,89.298
,89.632
,89.967
,90.301
,90.635
,90.97
,91.304
,91.639
,91.973
,92.308
,92.642
,92.977
,93.311
,93.645
,93.98
,94.314
,94.649
,94.983
,95.318
,95.652
,95.987
,96.321
,96.656
,96.99
,97.324
,97.659
,97.993
,98.328
,98.662
,98.997
,99.331
,99.666
,100
